32
0.07300001 0.0225 0.0
0.07425001 0.02375 0.003375
-4.336809e-19 0.001 0.0
0.015 0.075 0.0
0.075 0.0245 0.009000001
0.016 0.001 0.016
0.006171835 0.0103462 0.0
0.007 -6.938894e-18 0.016
0.075 0.0245 0.0
0.03 0.0245 0.016
-4.336809e-19 0.001 0.016
0.0 0.074 0.0
0.0004375 0.07443751 0.003
0.07300001 0.0225 0.009000001
0.07425001 0.05125 0.005625
0.001 0.075 0.016
0.075 0.02775 0.0
0.07300001 0.0525 0.0
0.015 6.505213e-18 0.016
0.03 0.0505 0.016
0.075 0.0505 0.0
0.0 0.074 0.016
0.07425001 0.02375 0.007875
0.001 0.0 0.016
0.001 0.075 0.0
0.001 4.336809e-19 0.0
0.075 0.0505 0.009000001
0.015 1.734723e-18 0.0
0.07425001 0.05125 0.001125
0.015 0.075 0.016
0.07300001 0.0525 0.009000001
0.016 0.074 0.016
